#NAME      X               Y              Z      SEFDR SEFDL FR_PAR_ANGLE FR_ELEV_ANGLE FR_OFFSET[d] DR_RE   DR_IM   DL_RE    DL_IM    
BR  -2.112065e+06   -3.705357e+06   4.726814e+06  310   310    1    0    0    0    0    0    0
FD  -1.324009e+06   -5.332182e+06   3.231962e+06  310   310    1    0    0    0    0    0    0   
HN   1.446375e+06   -4.447940e+06   4.322306e+06  310   310    1    0    0    0    0    0    0
KP  -1.995679e+06   -5.037318e+06   3.357328e+06  310   310    1    0    0    0    0    0    0
LA  -1.449753e+06   -4.975299e+06   3.709124e+06  310   310    1    0    0    0    0    0    0
MK  -5.464075e+06   -2.495248e+06   2.148298e+06  310   310    1    0    0    0    0    0    0
NL  -1.308726e+05   -4.762317e+06   4.226851e+06  310   310    1    0    0    0    0    0    0
OV  -2.409151e+06   -4.478573e+06   3.838617e+06  310   310    1    0    0    0    0    0    0
PT  -1.640954e+06   -5.014816e+06   3.575412e+06  310   310    1    0    0    0    0    0    0
SC   2.607849e+06   -5.488069e+06   1.932740e+06  310   310    1    0    0    0    0    0    0
